0.000000
0.250000
0.500000
0.750000
1.000000
1.250000
1.500000
1.750000
2.000000
2.250000
2.500000
2.750000
3.000000
3.250000
3.500000
3.750000
0.000000
0.500000
1.000000
1.500000
2.000000
2.500000
3.000000
3.500000
4.000000
4.500000
5.000000
5.500000
6.000000
6.500000
7.000000
7.500000
0.000000
1.000000
2.000000
3.000000
4.000000
5.000000
6.000000
7.000000
8.000000
9.000000
10.000000
11.000000
12.000000
13.000000
14.000000
15.000000
0.000000
2.000000
4.000000
6.000000
8.000000
10.000000
12.000000
14.000000
16.000000
18.000000
20.000000
22.000000
24.000000
26.000000
28.000000
30.000000
0.000000
4.000000
8.000000
12.000000
16.000000
20.000000
24.000000
28.000000
32.000000
36.000000
40.000000
44.000000
48.000000
52.000000
56.000000
60.000000
0.000000
8.000000
16.000000
24.000000
32.000000
40.000000
48.000000
56.000000
64.000000
72.000000
80.000000
88.000000
96.000000
104.000000
112.000000
120.000000
0.000000
16.000000
32.000000
48.000000
64.000000
80.000000
96.000000
112.000000
128.000000
144.000000
160.000000
176.000000
192.000000
208.000000
224.000000
240.000000
