2000
-198
-1178
1599
1051
1530
-860
693
657
-1509
-371
-899
867
-867
1585
1307
-440
-8
779
1338
439
299
-696
-174
855
1538
884
-1926
699
-246
-249
-1532
1259
-701
-1015
-629
-497
186
248
-417
-408
61
630
1804
890
-400
1328
-1463
-1759
-1663
-1345
-703
-793
-1954
160
-1619
-1414
525
1438
1897
283
1988
214
62
-677
-280
-33
-1716
1551
-1742
-255
1307
-422
454
1275
1545
1725
-1237
-966
1592
374
15
451
1278
128
-1192
-184
-288
1865
480
782
881
-613
68
227
-1374
248
779
-294
1345
926
-560
-183
-455
1102
937
-279
775
1781
1137
822
-1563
-440
364
-163
-1799
-1086
1337
-1938
1455
-1688
676
1
-1128
287
-1512
685
398
-1777
-1775
-1390
-1922
-259
1329
470
81
1456
-1610
1633
-1568
68
-1428
238
-1982
1067
1395
1668
1948
21
-915
-1597
31
343
1052
-1669
647
68
-1316
1755
362
-238
1768
624
-192
1359
131
216
720
-531
-1043
316
1468
-373
-1550
-225
-799
-395
1334
-386
-439
-558
-1439
-960
-1653
-282
-971
-810
-301
-1524
-20
826
-1026
1141
-1704
-425
-1987
-1118
-1995
-1244
-1430
-928
-1301
-1446
396
1605
1758
-1116
-69
-496
95
-941
-1727
-255
-1305
-1896
1819
-278
1847
1050
-1971
720
824
581
209
-1128
1090
-1088
-517
1564
1426
-390
-728
435
1641
1637
366
-670
1413
-230
1618
-1868
130
866
-1283
-654
-1249
-712
-385
194
-1805
211
-901
-1034
-1028
-1384
1826
1743
1275
913
-1297
-559
-1245
-1996
-735
799
501
172
-244
-851
7
1046
1050
304
991
582
-1507
18
-611
-1632
-1409
-1208
689
-274
778
-973
-1961
129
-883
1785
1626
-429
-1901
686
1349
1886
-1773
-199
330
747
878
600
908
-505
326
-1536
-1770
1920
-861
380
1849
-1257
-1228
-634
1732
-437
-907
-1393
-412
-501
-1476
-260
-1634
459
-1957
293
1159
-1059
-208
278
-1755
-15
569
-1115
1349
1885
1386
24
-885
987
-1053
1830
481
401
-1310
-1639
-979
1435
1645
799
901
-1081
304
1243
-385
1954
-1640
-716
46
-1758
903
226
117
1320
1435
1156
-729
-191
1009
-1561
-1561
-921
99
1891
842
-753
-834
1402
1647
557
-979
-1646
1353
339
1793
-1756
339
-860
1311
-1236
-230
-426
1307
708
-1170
-728
-1465
686
284
-1321
-1410
-96
1633
209
-1869
-1785
1221
-195
-470
1159
-543
129
847
1486
-685
601
1900
-1697
348
-345
-764
-945
1035
1981
-1254
1125
-1217
1970
1209
-303
916
-7
1236
-574
-1707
364
1641
-1225
-271
997
-1844
1786
1055
235
-1265
-8
71
1977
1420
1850
716
-386
1740
-82
-1073
-415
821
234
1027
1982
1850
140
1856
-1538
-1795
-783
321
124
1605
162
-272
171
850
-1934
1204
-1430
-86
-973
-524
647
-1322
-885
-1207
-1220
-693
1522
-116
-384
-1283
1876
-370
1378
461
-494
1509
1140
-140
1256
1594
-283
-663
387
1608
808
-490
940
1817
171
160
-756
-1715
-1272
-1628
-146
-1963
1661
571
-1995
-1879
-1166
-180
-1491
-1966
909
-584
1122
-253
-254
-1804
-1802
-1636
376
-1036
1366
1429
1855
-44
-1119
-1095
147
1049
-610
-155
557
1670
-1354
863
311
-267
1537
-428
-1284
533
496
-688
1212
1998
1924
-1492
-1071
-1906
430
-1557
-370
1537
193
-524
-1167
-236
1825
-1504
-117
1428
-1827
767
1916
-867
-1465
741
1638
444
1600
-1227
1018
-615
-326
-1377
1276
500
954
1221
-1732
1804
-10
1021
970
1325
-1374
-171
473
1729
1341
1582
330
331
1420
-1861
1542
-369
-1855
985
-1381
-1425
424
-982
-704
-393
-375
-455
439
-1333
-1248
-1622
-707
1079
-1064
962
771
1297
1312
-827
-763
92
-699
1328
1241
228
-948
722
-1066
-174
-462
154
1967
1021
1922
-1061
114
-1795
1028
408
1429
1954
1718
-362
-1999
164
-1169
-1123
-697
-1617
990
994
173
-648
1330
210
1831
1572
-574
186
-613
491
1187
984
-1498
1290
-1900
-342
926
1126
-531
980
1569
-1030
-1482
-1100
-600
-852
1710
-1795
371
-1349
1354
-1330
9
1998
-579
-1812
-1146
-409
-665
-1082
1745
733
1849
-248
1762
-1977
441
1205
-1068
1730
1053
1306
294
1171
-684
-1106
-751
338
1320
-838
-390
1449
459
1965
-1186
1309
704
-1004
-97
-404
398
1202
-1580
1286
1365
-582
-280
289
803
970
1032
-444
-283
1826
292
1399
-895
489
354
1854
-1657
2
86
-1640
1619
1538
-244
1127
-1406
479
-958
-217
1376
-1215
-785
-67
-649
1194
1950
-1364
-1053
809
-498
1895
1890
575
1441
-393
528
1941
238
1735
882
-64
556
1551
-1205
-419
1969
-391
636
1606
1982
613
-1567
-1856
472
269
1848
985
650
93
-961
1848
161
-1879
785
79
-1764
1561
-679
-1081
-1545
-756
-1087
608
-1736
-898
-873
1521
-223
1024
413
1133
-1545
1915
1395
-1798
-135
-698
521
-1079
320
413
400
-206
-1859
55
-369
-1568
-161
-197
205
1222
804
1489
-1792
-1122
-161
1835
1160
-193
-666
-1764
964
27
-1201
-291
-1326
1007
-527
1768
-1932
1317
506
155
602
907
-1622
1511
-1943
-823
-1281
1706
-1728
324
549
605
1459
-1777
1268
116
778
-1151
173
810
1826
-222
-1659
-1771
518
1185
765
-619
1788
81
1816
-1706
-1172
1100
1657
1130
-818
-1393
1392
1140
-917
-1089
-716
1319
1289
283
287
-856
797
1185
-234
-215
-137
-884
702
1615
1635
989
-958
759
-1473
-1506
-1237
-1417
340
-1707
1290
892
1704
-29
620
1561
154
-871
1904
-1855
-695
1893
-540
-764
-1517
1663
-1458
-672
1590
-1
461
333
793
-1883
112
-1872
1309
-640
1387
-1016
326
1751
-1809
-1785
-1918
726
395
-1544
1185
472
-1720
-1723
-1456
1156
-1631
-1049
-1026
-1581
1434
793
935
602
65
-695
647
-1530
-1409
-1921
1858
1882
-1505
-130
627
-839
1018
233
-289
-931
1015
1594
914
-373
1754
-979
133
1819
-929
-1000
1711
-1726
-803
366
-1187
544
1194
7
603
1184
-1067
403
-1551
63
1352
1684
-7
-890
610
1670
39
1897
-1211
-1556
-811
-414
-317
-754
776
-1633
-392
-819
-774
-1578
375
-869
-1379
-1998
-866
203
1484
-1831
1619
-1476
1335
1202
1672
-1451
19
-380
-1306
301
425
-1143
80
1957
-40
780
-354
-1861
-829
1206
-614
-1667
44
-533
958
99
1218
1268
-1242
-1506
1284
552
-1936
1584
62
178
426
1042
1422
-469
-1662
936
-672
1359
-513
1313
-1294
-1482
1520
-1824
747
935
-251
-481
1919
-404
-239
-1373
-696
-744
1578
-1012
-757
-365
832
-1426
1486
-1668
-153
-1879
1013
800
-1142
720
229
1403
234
1607
-322
-568
-44
-976
1717
-133
-984
-275
810
-391
-1273
1425
337
-506
-1114
-1124
89
-266
965
-1719
1390
720
-1454
1434
-1201
429
172
-1351
-1978
1086
1059
-316
-1773
343
-1304
915
137
-988
1669
1033
1549
-1725
-1266
949
787
1108
8
-298
445
1423
683
94
-805
816
-474
271
1552
1372
1596
1756
1262
-1995
-1988
-1651
-957
-1909
-304
-636
165
1705
-806
-648
1438
-638
-1448
31
1427
-463
783
512
-198
-106
1799
-1666
-881
-212
350
1511
-124
-250
985
-128
1444
-134
-8
-50
-1082
-1658
-1731
1554
-1068
1447
847
1492
1752
-1442
-425
1923
579
1586
-71
-1944
492
-1076
110
900
430
354
-266
-1024
-284
-1960
435
1832
-1619
-1858
1545
-1012
-1965
1260
-1438
1520
-1619
-590
374
341
671
592
-267
-1441
1008
-1033
602
1430
-1663
1889
-1875
1342
1343
-1801
184
1773
-714
1226
406
1159
1197
-1802
-867
614
-41
1892
994
271
-804
-976
1547
-213
1264
-1607
1439
-1890
1597
1600
96
-1520
-1289
825
1326
-1861
1032
1829
-629
553
-628
-1134
1145
893
-885
330
-316
-1632
-1904
-35
-887
-641
-851
-1317
-403
791
-1186
665
-228
-267
-1299
-1227
466
-924
239
1780
858
717
1838
1102
431
1792
-1762
-925
1947
1089
-99
724
-332
-480
-1147
-468
-1882
-111
-667
1904
222
1386
-368
-152
1306
1965
96
1702
956
270
1876
1298
1839
586
-482
-94
1648
-1941
-1374
-114
172
-1762
632
1559
-1562
-249
-879
1941
435
-985
-1470
180
1312
1348
1334
-1185
178
1500
-1516
1426
1600
-1129
-1693
-103
1340
-122
-345
11
-1499
-1471
1482
412
-939
1460
-1768
-169
889
-644
-395
108
1577
1114
-1723
-885
-483
1459
-320
-1041
391
-82
1595
1739
1272
836
973
1599
-1739
-657
-1983
1313
30
-535
-1094
139
-842
-1727
-1661
-1727
-361
-1507
-228
1596
-586
-1520
277
1501
-606
-1833
-1431
-1694
962
-174
673
797
286
515
1511
650
1502
-130
-1435
-1728
857
-768
685
610
124
861
19
-48
-9
1744
-443
-1532
-1039
740
1357
1881
-1140
1042
336
-388
40
-17
606
975
-792
-1642
1304
-442
1101
-1283
-1563
1621
1506
2000
1457
-1853
179
1991
44
1494
-1720
1951
1691
257
-274
-649
883
-1946
-504
1691
186
-104
-14
-764
1804
1928
54
1971
-177
-296
-1147
-1227
1331
907
119
1317
48
208
-1147
351
-1429
-1792
733
434
-1122
-375
520
221
-1490
-1324
-1997
-327
-46
-1361
668
-1929
-1522
1809
1904
-1877
-24
1451
-1029
1337
1255
516
-1992
-481
1618
722
-485
528
-1027
286
1927
1399
-866
730
-568
1948
-1664
-999
1246
-1663
125
1203
956
-1434
-248
-599
-86
350
-1417
1622
561
-1349
264
1727
1133
743
-135
-959
277
-1005
-723
1644
1541
1179
1704
-1285
70
508
1653
656
-443
960
1271
401
-1660
1690
-1786
108
-1525
-480
1252
-1024
1538
851
-488
-1005
-989
1069
-1801
741
481
987
1909
-464
-959
1510
1225
-156
-1637
257
-1251
127
-580
-741
907
63
1163
-1182
713
-1791
1205
714
1784
-1634
1634
40
460
-736
-1690
1403
-1422
-518
490
1991
69
1963
-1094
-408
786
-1742
991
-318
1246
-482
-724
1945
873
-347
-1606
938
549
-1705
-1518
1927
-13
-1911
-1785
-1437
1574
-137
243
-22
-1729
1591
-846
-924
377
-97
-527
623
1753
482
-869
-1180
-244
-1891
1505
440
-1186
80
-1785
1449
-228
192
268
722
-515
-1688
-175
-1809
953
-1848
1817
970
1750
53
-1037
-960
1036
1974
-573
1012
-1560
388
-278
923
-956
-1621
-196
560
-1472
-189
609
1308
-768
-391
1537
803
-1033
1040
-837
-890
-1976
-501
-252
-783
-837
-1030
1747
1441
-411
-82
260
-42
-921
1959
-1266
1447
-1870
-672
995
578
-1323
1809
173
-995
314
1662
1583
-70
-229
-753
-1779
1015
-1473
-576
-417
1542
-1916
1377
-848
-999
-46
916
-1190
-1135
1906
373
-783
1871
1584
-1240
-1993
847
1471
-1527
-1844
393
417
66
-1970
756
1785
1495
-1547
-582
-1033
241
451
-797
1193
1183
1125
-596
-1783
835
1972
-1350
-1546
1652
-73
1408
1240
-1253
-1011
-1784
436
1109
44
-1889
1962
4
-672
-1305
503
301
1004
-1386
-573
-1425
1403
-649
-899
-1976
1208
-10
151
1484
892
673
-1285
202
1840
384
1235
1939
1544
-1145
-1862
-196
-1945
-105
1805
-1004
-454
-274
1324
1299
-188
-478
1704
964
951
1788
40
1168
-191
1397
-438
954
1906
93
-280
-1172
-707
-1557
-499
-681
-632
1269
127
85
1098
-1519
502
-614
-662
299
1456
-1206
690
1608
-1204
-807
-14
1560
6
-892
136
297
-349
-1941
811
27
-475
-1741
-566
-1063
-1186
1255
-426
-1786
-500
1100
-1339
1649
-723
-681
-1183
1069
-1721
1801
-1368
-854
749
-1436
48
886
1716
929
1000
-371
-1042
83
-1124
1370
652
1265
1176
-124
-762
751
1948
1080
1319
825
381
1012
-13
1461
-1728
1875
-1605
188
-388
-1572
897
455
1132
267
1246
307
1777
1486
30
1156
-108
1316
-710
1905
-887
-1709
1005
