1000
-1307
-436
1326
1214
-1759
-403
108
-333
628
512
-832
-273
-1939
1937
-1332
-1576
-510
-1208
-41
-642
1807
1682
-1790
952
-924
-309
192
1771
-329
1933
-794
805
666
157
793
666
-1288
-1488
1997
-1316
-1870
245
1528
677
-1239
-524
-157
1927
-1375
1422
579
-495
-1237
-287
-72
-1518
358
-1096
-462
332
-993
-838
468
-939
1298
1931
921
-625
336
-1569
1626
1519
1271
-957
378
-1910
-299
-749
-1354
-1285
-309
-1623
394
-116
784
800
554
-1866
-1725
-722
123
618
-370
1280
874
1875
125
-700
-1578
444
1115
-306
-1637
-934
-1386
-876
-240
109
-170
1502
72
1775
551
1831
-1037
705
-844
687
781
-1728
-981
-1104
671
1378
-622
1122
702
-1974
409
-453
1664
-1996
-150
-303
-156
1081
-710
1139
-115
-1857
-1297
887
-106
-1389
-636
430
-1233
954
-1029
1670
-924
1062
-1246
-850
-1636
305
734
186
-297
578
591
716
543
1781
-1165
837
-1055
-1523
429
-199
-165
648
1081
-599
648
-335
1368
1332
-974
454
329
163
1480
-941
-728
-1524
1760
582
-82
557
179
589
176
884
90
1975
-1126
-1577
-1562
-1746
-382
-207
-537
1054
512
1088
1732
1891
-1232
-1445
785
-1625
102
121
1445
-61
-426
686
965
80
-609
-1400
344
-952
-1823
1020
-1029
-230
751
-563
946
-421
734
816
-231
-1922
-677
-303
-919
-1212
1287
-280
1551
-435
1077
-413
1234
1021
-491
-1136
1162
1798
-690
685
-245
1334
1076
-1331
1448
1960
58
1538
352
-1381
-1201
-372
995
1303
1160
-726
136
-1641
-1554
-1455
715
-19
-1241
-20
-1410
-1781
1403
242
1719
787
331
1262
1516
1956
-1998
1462
450
1960
111
-82
1206
-1089
-8
1604
299
1381
955
344
-1013
666
-1666
504
644
919
1563
1930
1076
326
1714
320
-1933
-1517
1451
-63
1380
-1163
209
520
-1873
459
-550
-1802
-42
-1230
-1508
-1178
-1414
-1244
-1830
541
-873
154
781
-4
143
-219
-1505
-39
1412
1496
-919
-1166
260
561
-332
-1176
1792
-1672
-1578
-1432
-1334
484
295
-1792
1725
915
952
-1747
1442
1738
1938
1436
1143
54
-1290
-406
-1465
-1877
1757
-795
-818
-668
-132
593
-1900
1369
236
1417
-609
-216
-1783
-1292
651
-677
1594
-1528
1954
160
828
1998
-849
-342
-141
1056
1273
-1600
-1288
-562
-1774
88
-657
-1298
-1165
1621
702
-126
1649
-1584
982
945
248
-1264
389
-800
-1464
-1150
1580
-1715
-1030
-1785
-233
-1947
1589
-1214
-1627
-771
-176
-1594
1982
-672
-811
-1752
-807
-1815
22
1046
524
-1641
-1677
1109
1621
135
-1564
1304
-648
-824
986
-1959
-1807
672
414
104
919
829
1126
-848
770
227
-414
-1754
1121
-650
432
965
-1581
-1489
198
-59
1562
1196
938
-1795
-1709
-1646
1194
1772
735
-1472
891
-1559
-1530
563
-685
615
997
333
960
-1061
940
1883
1468
-1655
-534
-523
740
392
1158
-530
-1176
-1654
1088
-1178
-447
207
-1084
568
-62
-1393
1128
-1598
-824
-1051
124
-1634
-379
-1581
-1551
1138
-834
414
1858
-270
779
1033
-269
622
-1561
1735
-1250
-936
1192
-50
1076
-416
-908
-1852
693
-282
-193
440
-1763
-737
1091
786
-1499
-1480
-1631
-1969
-308
622
892
125
-1565
527
-1494
-1463
-1606
-1432
-1327
-1215
-730
-734
-1130
-996
1572
813
223
-1263
-1152
-1691
1656
827
231
-746
-1336
490
1952
-1319
-969
-413
-1704
737
-391
1932
-391
483
-1383
-475
-1356
1033
1485
-597
742
-824
123
1330
390
-659
-803
-190
-309
-562
233
970
-303
-283
-1501
-1903
-839
-730
615
1828
1743
-168
-1038
1056
1038
963
975
-1577
726
-147
-1152
-1606
1295
-1300
-1346
664
1578
66
811
-1386
1814
164
719
-1854
1237
995
-1520
100
-697
186
-405
-340
-1277
-979
-1918
1695
615
1731
-1346
1685
1179
310
-240
-970
1008
-1086
-1744
1070
685
861
568
-324
-437
1265
-730
1258
1157
1409
23
543
1804
-224
-1760
1467
525
-580
1989
-1104
610
420
-451
-1432
-1900
-316
-1264
903
-519
1367
937
284
-1293
1830
-939
1699
-1105
-506
-1650
561
-1278
-1820
893
-610
643
-465
510
-1914
1643
1203
984
1253
-467
469
302
120
-900
-1006
-193
-1089
1218
1945
-1881
143
-1652
1209
1957
-1733
1758
-1928
736
1135
137
1542
1596
504
-1449
-1129
-1272
-1833
-1573
466
1759
-582
-358
1938
1783
707
1954
1068
-653
650
-1024
-818
721
111
-354
411
1002
334
207
334
47
-1670
879
1985
-582
1886
-614
1547
-181
-346
-1129
-1498
-765
905
1132
775
-1961
1373
1690
1084
-1830
-487
818
918
-1103
-924
692
-90
495
-1054
-1292
1319
1068
1738
-1569
-1271
-1604
-41
-1227
1584
-1604
-1824
229
1090
-752
-1284
-644
-1160
41
1626
516
-1594
-437
-1782
5
-273
1991
1247
-57
1578
-1450
-440
1710
1670
855
473
-627
1745
-1501
923
586
1333
-407
1000
1341
-710
209
1917
197
-678
478
-558
1026
-344
-31
779
1891
-689
1352
957
1817
-1873
-573
651
-874
-1079
845
498
363
642
-1810
-605
-195
-1037
860
1425
-874
924
-1449
1347
-1446
353
-536
1227
15
-42
1509
-588
-202
1855
-1831
1892
-1243
669
346
701
-556
481
1245
-1923
-1665
1900
606
-1075
-386
-1512
-926
-969
-674
-1391
-608
-1514
1537
-1623
1721
-404
-1811
-631
944
1179
180
745
1575
-1781
-786
-1816
-1218
881
887
1512
330
-1718
1691
1202
-856
175
1940
863
1356
-267
-118
243
-924
996
16
587
-769
-1445
-98
-550
1153
1121
674
-1466
-1914
239
-797
1758
1924
-854
1204
1585
390
1536
1775
197
914
307
-1897
-214
585
85
-511
1749
1318
1397
-510
373
1491
1734
674
-1173
616
-1712
-373
668
1735
1244
-62
1027
-332
1888
1952
1457
-445
-181
-1014
1138
1532
1655
233
396
-1405
1599
